Point No.	Déformation de Cisaillement	Contrainte de Cisaillement	Module de Stockage	Module de Perte	Facteur de Perte	Couple	Etat
							
	[1]	[Pa]	[Pa]	[Pa]	[1]	[µN·m]	
1	0,0648	21,786	286,39	176,28	0,616	100,31	M- ,WE-,WMa
2	0,0617	21,821	304,5	180,39	0,592	100,47	M- ,WE-,WMa
3	0,0591	21,852	321,17	182,9	0,569	100,61	M- ,WE-,WMa
4	0,057	21,864	335,79	184,92	0,551	100,67	M- ,WE-,WMa
5	0,0552	21,894	350,53	186,26	0,531	100,81	M- ,WE-,WMa
6	0,0535	21,881	362,48	189,34	0,522	100,75	M- ,WE-,WMa
7	0,0522	21,872	373,55	190,45	0,510	100,71	M- ,WE-,WMa
8	0,051	21,899	384,44	190,52	0,496	100,83	M- ,WE-,WMa
9	0,0499	21,895	395,32	191,21	0,484	100,81	M- ,WE-,WMa
10	0,0488	21,912	406,38	191,99	0,472	100,89	M- ,WE-,WMa
11	0,0477	21,914	416,93	192,3	0,461	100,9	M- ,WE-,WMa
12	0,0467	21,927	427,75	192,73	0,451	100,96	M- ,WE-,WMa
13	0,0462	21,997	435,37	193,23	0,444	101,28	M- ,WE-
14	0,0581	26,293	411,93	186,8	0,453	121,06	M- 
15	0,076	31,263	369,23	181,41	0,491	143,95	M- 
16	0,0984	36,204	323,45	175,02	0,541	166,7	M- 
17	0,127	41,217	280,4	165,8	0,591	189,78	M- 
18	0,164	47,176	243,74	153,99	0,632	217,22	
19	0,212	53,69	210,01	140,84	0,671	247,21	
20	0,274	61,642	183,33	129,98	0,709	283,82	
21	0,355	70,73	158,3	120,71	0,763	325,67	
22	0,46	80,826	135,28	111,96	0,828	372,15	
23	0,596	91,978	113,97	103,93	0,912	423,5	
24	0,772	104,23	95,39	95,448	1,001	479,91	
25	1	117,91	79,514	87,034	1,095	542,89	
1	1	117,76	79,03	87,335	1,105	542,19	
2	0,77	102,93	92,468	96,457	1,043	473,92	
3	0,594	89,906	108,27	105,62	0,976	413,96	
4	0,459	78,215	126,36	114,52	0,906	360,13	
5	0,354	68,132	147,44	123,91	0,840	313,7	
6	0,273	59,157	171,24	132,83	0,776	272,38	
7	0,211	51,334	196,99	143,65	0,729	236,36	
8	0,162	44,518	225,2	156,2	0,694	204,98	
9	0,125	38,554	258,05	168,13	0,652	177,52	M- 
10	0,0965	33,172	294,6	177,43	0,602	152,74	M- 
11	0,075	28,33	332,35	179,5	0,540	130,44	M- 
12	0,0571	24,342	380,84	191,9	0,504	112,08	M- 
13	0,0485	21,985	407,63	197,8	0,485	101,23	M- ,WE-,WMa
14	0,0467	21,912	425,76	197,42	0,464	100,89	M- ,WE-,WMa
15	0,0454	21,935	441,28	196,97	0,446	101	M- ,WE-,WMa
16	0,0443	21,938	454,07	196,87	0,434	101,01	M- ,WE-,WMa
17	0,0435	21,957	465,58	196,47	0,422	101,1	M- ,WE-,WMa
18	0,0428	21,943	474,03	196,65	0,415	101,03	M- ,WE-,WMa
19	0,0423	21,987	482,12	192,82	0,400	101,23	M- ,WE-,WMa
20	0,0416	21,953	489,85	195,8	0,400	101,08	M- ,WE-,WMa
21	0,0412	21,957	495,69	195,52	0,394	101,1	M- ,WE-,WMa
22	0,0405	21,961	505,11	195,52	0,387	101,12	M- ,WE-,WMa
23	0,0401	21,959	511,71	196,15	0,383	101,11	M- ,WE-,WMa
24	0,0396	21,96	518,12	196,32	0,379	101,11	M- ,WE-,WMa
25	0,0392	21,957	524,7	196,56	0,375	101,1	M- ,WE-,WMa


