Point No.	Déformation de Cisaillement	Contrainte de Cisaillement	Module de Stockage	Module de Perte	Facteur de Perte	Couple	Etat
							
	[1]	[Pa]	[Pa]	[Pa]	[1]	[µN·m]	
1	0,0744	21,589	250,23	147,27	0,589	99,404	M- ,WE-,WMa
2	0,0715	21,674	264,74	147,68	0,558	99,796	M- ,WE-,WMa
3	0,0689	21,726	278,06	148,91	0,536	100,03	M- ,WE-,WMa
4	0,0668	21,755	289,18	149,99	0,519	100,17	M- ,WE-,WMa
5	0,0649	21,769	299,65	150,96	0,504	100,23	M- ,WE-,WMa
6	0,0633	21,808	309,62	151,53	0,489	100,41	M- ,WE-,WMa
7	0,0623	21,807	315,43	151,34	0,480	100,41	M- ,WE-,WMa
8	0,0606	21,869	327,07	152,23	0,465	100,69	M- ,WE-,WMa
9	0,0591	21,865	336,51	153,15	0,455	100,67	M- ,WE-,WMa
10	0,0579	21,889	345,28	153,64	0,445	100,78	M- ,WE-,WMa
11	0,0568	21,903	353,56	154,13	0,436	100,85	M- ,WE-,WMa
12	0,0561	21,914	359,22	153,42	0,427	100,9	M- ,WE-,WMa
13	0,0561	22,022	361,19	152,99	0,424	101,4	M- ,WE-,WMa
14	0,0577	22,796	365,98	148,22	0,405	104,96	M- 
15	0,0755	27,704	338,53	141,24	0,417	127,56	M- 
16	0,0981	32,346	302,2	132,16	0,437	148,93	M- 
17	0,128	37,271	264,28	123,35	0,467	171,61	M- 
18	0,165	42,388	229,05	115,01	0,502	195,17	M- 
19	0,214	48,327	198,29	107,85	0,544	222,52	
20	0,277	54,795	170,41	100,95	0,592	252,3	
21	0,358	62,096	145,86	93,907	0,644	285,91	
22	0,463	70,379	124,02	87,949	0,709	324,05	
23	0,597	79,14	104,29	81,837	0,785	364,39	
24	0,773	88,949	86,785	75,603	0,871	409,55	
25	1	98,905	70,571	69,136	0,980	455,4	
1	1	95,678	65,13	70,094	1,076	440,54	
2	0,77	84,137	77,564	76,921	0,992	387,4	
3	0,594	74,083	92,359	83,665	0,906	341,11	
4	0,459	64,988	108,97	90,575	0,831	299,23	
5	0,354	56,69	127,58	96,937	0,760	261,02	
6	0,273	49,49	148,65	103,76	0,698	227,87	
7	0,21	42,733	170,31	110,49	0,649	196,76	M- 
8	0,162	37,124	195,02	119,11	0,611	170,93	M- 
9	0,125	32,169	222,25	128,61	0,579	148,12	M- 
10	0,0966	27,883	253,19	138,85	0,548	128,38	M- 
11	0,0743	24,248	290,81	148,03	0,509	111,65	M- 
12	0,0625	21,973	315,23	155,38	0,493	101,17	M- ,WE-,WMa
13	0,0594	21,759	331,74	156,07	0,470	100,19	M- ,WE-,WMa
14	0,0577	21,775	343,79	156,26	0,455	100,26	M- ,WE-,WMa
15	0,0563	21,809	354,53	156,47	0,441	100,41	M- ,WE-,WMa
16	0,055	21,82	364,1	156,65	0,430	100,47	M- ,WE-,WMa
17	0,054	21,832	372,44	156,87	0,421	100,52	M- ,WE-,WMa
18	0,0531	21,844	380,3	157,04	0,413	100,58	M- ,WE-,WMa
19	0,0521	21,858	388,99	157,2	0,404	100,64	M- ,WE-,WMa
20	0,0513	21,869	395,84	157,61	0,398	100,69	M- ,WE-,WMa
21	0,0505	21,868	403,45	158,43	0,393	100,69	M- ,WE-,WMa
22	0,0499	21,882	409,31	158,39	0,387	100,75	M- ,WE-,WMa
23	0,0492	21,88	415,31	158,64	0,382	100,74	M- ,WE-,WMa
24	0,0486	21,89	421,31	158,85	0,377	100,79	M- ,WE-,WMa
25	0,048	21,89	427,27	159,07	0,372	100,79	M- ,WE-,WMa

