Point No.	Déformation de Cisaillement	Contrainte de Cisaillement	Module de Stockage	Module de Perte	Facteur de Perte	Couple	Etat
							
	[1]	[Pa]	[Pa]	[Pa]	[1]	[µN·m]	
1	0,0367	21,798	534,89	259,7	0,486	100,36	M- ,WE-,WMa
2	0,0353	21,803	559,32	262,6	0,469	100,39	M- ,WE-,WMa
3	0,0343	21,808	577,76	266,11	0,461	100,41	M- ,WE-,WMa
4	0,0334	21,815	595,62	269,07	0,452	100,44	M- ,WE-,WMa
5	0,0325	21,813	612,77	271,72	0,443	100,44	M- ,WE-,WMa
6	0,0318	21,821	629,58	273,51	0,434	100,47	M- ,WE-,WMa
7	0,0311	21,821	644,94	275,55	0,427	100,47	M- ,WE-,WMa
8	0,0305	21,828	659,88	277,3	0,420	100,51	M- ,WE-,WMa
9	0,0299	21,822	674,33	278,56	0,413	100,48	M- ,WE-,WMa
10	0,0294	21,829	688,5	280,14	0,407	100,51	M- ,WE-,WMa
11	0,029	21,851	699,98	280,34	0,400	100,61	M- ,WE-,WMa
12	0,0345	25,045	676,48	264,44	0,391	115,32	M- 
13	0,045	30,129	622,72	245,72	0,395	138,73	M- 
14	0,058	35,546	565,97	234,69	0,415	163,67	M- 
15	0,0753	41,722	506,44	225,28	0,445	192,1	M- 
16	0,0975	48,523	449,09	214,53	0,478	223,42	
17	0,126	55,968	395,38	200,95	0,508	257,7	
18	0,163	64,518	347,41	187,66	0,540	297,07	
19	0,212	73,86	301,98	175,37	0,581	340,08	
20	0,274	84,087	258,39	165,17	0,639	387,17	
21	0,356	93,467	212,53	154,33	0,726	430,36	
22	0,462	101,32	167,55	141,18	0,843	466,53	
23	0,599	109,15	132,48	125,25	0,945	502,59	
24	0,775	118,62	105,84	110,48	1,044	546,15	
25	1	128,75	84,385	96,534	1,144	592,83	
1	1	125,93	82,274	95,19	1,157	579,81	
2	0,772	109,45	97,494	102,9	1,055	503,93	
3	0,595	95,14	114,37	111,57	0,975	438,06	
4	0,458	82,522	134,21	120,11	0,895	379,96	
5	0,354	71,686	156,47	128,35	0,820	330,07	
6	0,273	61,866	180,44	136,8	0,758	284,86	
7	0,211	53,777	208,59	147,09	0,705	247,61	
8	0,163	46,423	238	157,94	0,664	213,75	
9	0,126	39,918	269,82	168,07	0,623	183,8	M- 
10	0,0967	34,712	309,54	181,99	0,588	159,83	M- 
11	0,0745	29,691	349,96	191,12	0,546	136,71	M- 
12	0,0572	25,115	393,06	195,54	0,497	115,64	M- 
13	0,0477	22,045	415,99	200,25	0,481	101,5	M- ,WE-
14	0,0459	21,94	433,84	199,52	0,460	101,02	M- ,WE-,WMa
15	0,0449	21,95	446,82	198,32	0,444	101,07	M- ,WE-,WMa
16	0,044	21,947	457,82	197,46	0,431	101,05	M- ,WE-,WMa
17	0,0435	21,955	465,25	196,59	0,423	101,09	M- ,WE-,WMa
18	0,0427	21,958	475,9	196,33	0,413	101,1	M- ,WE-,WMa
19	0,0421	21,962	483,23	195,59	0,405	101,12	M- ,WE-,WMa
20	0,0416	21,974	490,31	195,59	0,399	101,18	M- ,WE-,WMa
21	0,0411	21,967	497,42	195,45	0,393	101,14	M- ,WE-,WMa
22	0,0407	21,977	503,27	194,43	0,386	101,19	M- ,WE-,WMa
23	0,0403	21,968	509,68	194,81	0,382	101,15	M- ,WE-,WMa
24	0,0399	21,97	515,2	194,66	0,378	101,16	M- ,WE-,WMa
25	0,0395	21,967	520,4	194,56	0,374	101,14	M- ,WE-,WMa

