Gap 50

Point No.	Déformation de Cisaillement	Contrainte de Cisaillement	Module de Stockage	Module de Perte	Facteur de Perte	Couple	Etat
							
	[1]	[Pa]	[Pa]	[Pa]	[1]	[µN·m]	
1	0,228	13,566	35,731	47,671	1,334	62,463	M- ,WE-,WMa
2	0,238	13,532	33,353	46,087	1,382	62,304	M- ,WE-,WMa
3	0,234	13,381	33,485	46,248	1,381	61,611	M- ,WE-,WMa
4	0,24	13,371	32,342	45,286	1,400	61,564	M- ,WE-,WMa
5	0,242	13,318	31,537	45,065	1,429	61,322	M- ,WE-,WMa
6	0,245	13,294	31,034	44,574	1,436	61,212	M- ,WE-,WMa
7	0,249	13,317	30,471	43,942	1,442	61,314	M- ,WE-,WMa
8	0,247	13,222	30,411	44,044	1,448	60,879	M- ,WE-,WMa
9	0,251	13,274	29,938	43,696	1,460	61,119	M- ,WE-,WMa
10	0,253	13,355	29,681	43,586	1,468	61,492	M- ,WE-,WMa
11	0,252	13,298	29,735	43,669	1,469	61,23	M- ,WE-,WMa
12	0,269	13,614	27,945	42,298	1,514	62,685	M- ,WE-,WMa
13	0,301	14,144	24,862	39,963	1,607	65,125	M- ,WE-,WMa
14	0,331	14,517	22,067	37,918	1,718	66,841	M- ,WE-,WMa
15	0,37	14,857	19,151	35,353	1,846	68,405	M- ,WE-,WMa
16	0,403	15,076	16,934	33,323	1,968	69,415	M- ,WE-,WMa
17	0,443	15,324	14,869	31,258	2,102	70,558	M- ,WE-,WMa
18	0,488	15,571	13,093	29,089	2,222	71,693	M- ,WE-,WMa
19	0,528	15,543	11,176	27,214	2,435	71,568	M- ,WE-,WMa
20	0,564	15,742	10,082	26,024	2,581	72,484	M- ,WE-,WMa
21	0,593	15,966	9,3863	25,218	2,687	73,514	M- ,WE-,WMa
22	0,613	16,112	8,9251	24,726	2,770	74,184	M- ,WE-,WMa
23	0,623	16,247	8,7938	24,563	2,793	74,806	M- ,WE-
24	0,771	17,272	6,649	21,385	3,216	79,529	M- 
25	0,999	18,741	5,2024	18,023	3,464	86,29	M- 
1	0,998	18,91	5,2048	18,214	3,499	87,067	M- 
2	0,77	17,635	6,9694	21,816	3,130	81,197	M- 
3	0,612	16,602	9,0388	25,577	2,830	76,441	M- ,WE-
4	0,591	16,457	9,371	26,246	2,801	75,773	M- ,WE-,WMa
5	0,563	16,254	9,7967	27,146	2,771	74,838	M- ,WE-,WMa
6	0,532	16,036	10,458	28,288	2,705	73,835	M- ,WE-,WMa
7	0,484	15,663	11,366	30,289	2,665	72,118	M- ,WE-,WMa
8	0,442	15,532	13,163	32,604	2,477	71,516	M- ,WE-,WMa
9	0,402	15,495	15,661	35,254	2,251	71,346	M- ,WE-,WMa

