Gap 60

Point No.	Déformation de Cisaillement	Contrainte de Cisaillement	Module de Stockage	Module de Perte	Facteur de Perte	Couple	Etat
							
	[1]	[Pa]	[Pa]	[Pa]	[1]	[µN·m]	
1	0,0728	21,771	279,32	106,82	0,382	100,24	M- ,WE-,WMa
2	0,0721	21,886	285,65	102,86	0,360	100,77	M- ,WE-,WMa
3	0,0708	21,915	292,68	101,06	0,345	100,9	M- ,WE-,WMa
4	0,0696	21,936	298,93	100,03	0,335	101	M- ,WE-,WMa
5	0,0685	21,944	304,77	99,139	0,325	101,04	M- ,WE-,WMa
6	0,0675	21,948	309,99	98,574	0,318	101,06	M- ,WE-,WMa
7	0,0666	21,954	314,55	98,165	0,312	101,08	M- ,WE-,WMa
8	0,0659	21,951	318,4	97,381	0,306	101,07	M- ,WE-,WMa
9	0,0652	21,955	322,59	97,093	0,301	101,09	M- ,WE-,WMa
10	0,0644	21,953	326,61	96,803	0,296	101,08	M- ,WE-,WMa
11	0,0639	21,972	330,11	96,5	0,292	101,17	M- ,WE-,WMa
12	0,0632	21,967	334	96,427	0,289	101,14	M- ,WE-,WMa
13	0,0627	21,963	336,94	95,976	0,285	101,13	M- ,WE-,WMa
14	0,0622	21,97	339,92	95,776	0,282	101,16	M- ,WE-
15	0,0747	26,107	337,55	90,844	0,269	120,21	M- 
16	0,0983	32,208	316,08	86,313	0,273	148,3	M- 
17	0,129	37,919	281,74	82,369	0,292	174,6	M- 
18	0,168	42,6	241,65	77,657	0,321	196,15	M- 
19	0,217	47,334	205,65	73,615	0,358	217,94	
20	0,28	52,693	174,99	69,705	0,398	242,62	
21	0,361	58,783	148,55	66,262	0,446	270,66	
22	0,466	65,058	124,69	62,631	0,502	299,55	
23	0,599	71,25	103,74	58,342	0,562	328,06	
24	0,775	78,493	85,394	54,494	0,638	361,41	
25	1	85,837	69,129	50,452	0,730	395,23	
1	1	82,818	64,979	51,018	0,785	381,32	
2	0,772	72,816	76,735	54,824	0,714	335,27	
3	0,595	64,061	90,177	58,873	0,653	294,96	
4	0,459	56,276	105,04	63,278	0,602	259,12	
5	0,354	49,084	121,11	67,433	0,557	226	
6	0,273	42,705	138,76	72,036	0,519	196,63	M- 
7	0,211	37,217	158,3	78,391	0,495	171,36	M- 
8	0,163	32,068	178,7	83,572	0,468	147,65	M- 
9	0,125	28,154	205,51	90,281	0,439	129,63	M- 
10	0,0965	24,774	236,99	98,712	0,417	114,07	M- 
11	0,0779	21,941	261,04	105,52	0,404	101,02	M- ,WE-,WMa
12	0,0747	21,852	272,74	105,39	0,386	100,62	M- ,WE-,WMa
13	0,0731	21,88	280,54	104,55	0,373	100,75	M- ,WE-,WMa
14	0,0717	21,897	287	104,12	0,363	100,82	M- ,WE-,WMa
15	0,0704	21,91	293,46	103,84	0,354	100,88	M- ,WE-,WMa
16	0,0693	21,911	298,53	103,51	0,347	100,89	M- ,WE-,WMa
17	0,0684	21,922	303,52	103,26	0,340	100,94	M- ,WE-,WMa
18	0,0675	21,927	307,95	103	0,334	100,96	M- ,WE-,WMa
19	0,0667	21,939	312,63	103	0,329	101,02	M- ,WE-,WMa
20	0,0659	21,938	316,66	102,83	0,325	101,01	M- ,WE-,WMa
21	0,0654	21,942	319,13	102,95	0,323	101,03	M- ,WE-,WMa
22	0,0645	21,946	324,31	102,62	0,316	101,05	M- ,WE-,WMa
23	0,0638	21,945	328,18	102,7	0,313	101,04	M- ,WE-,WMa
24	0,0632	21,958	331,64	102,76	0,310	101,1	M- ,WE-,WMa
25	0,0627	21,946	334,77	102,66	0,307	101,05	M- ,WE-,WMa

